0	-46.514427	0.003651	1408.805054
1	-45.233746	0.004646	905.660339
2	-47.810760	0.003179	1308.176025
3	-46.053436	0.004050	1257.861572
4	-47.067066	0.003492	1157.232666
5	-49.094265	0.002679	2062.893066
6	-48.101437	0.003136	1257.861572
7	-47.709148	0.003463	1157.232666
8	-51.318462	0.002165	2264.150879
9	-49.156666	0.002794	1308.176025
10	-46.150890	0.004173	1207.547119
11	-50.068806	0.002648	1358.490601
12	-49.512100	0.002661	1559.748413
13	-49.997147	0.002570	1358.490601
14	-47.909943	0.003357	654.088013
15	-46.627846	0.003882	603.773560
16	-46.402233	0.003967	805.031433
17	-47.005337	0.003642	1610.062866
18	-45.935322	0.004367	754.716980
19	-47.818386	0.003178	1509.433960
20	-47.282814	0.003625	905.660339
21	-42.861771	0.006394	201.257858
22	-43.373974	0.005670	805.031433
23	-43.460644	0.005737	503.144653
24	-35.745934	0.012823	452.830170
25	-35.977509	0.014124	150.943390
26	-34.263939	0.016389	50.314465
27	-36.968910	0.013269	150.943390
28	-36.430618	0.013482	0.000000
29	-36.236629	0.012477	503.144653
30	-38.538921	0.010019	201.257858
31	-30.577526	0.026309	50.314465
32	-35.918705	0.012566	352.201263
33	-35.814781	0.013378	452.830170
34	-34.880283	0.016028	100.628929
35	-35.250622	0.013848	50.314465
36	-32.496132	0.019284	100.628929
37	-37.322849	0.011316	402.515717
38	-35.012974	0.014698	301.886780
39	-39.569069	0.009410	0.000000
40	-38.184998	0.010517	301.886780
41	-38.056664	0.011297	150.943390
42	-39.784241	0.009029	553.459106
43	-40.030380	0.008025	553.459106
44	-41.480854	0.007021	402.515717
45	-37.154964	0.012262	301.886780
46	-33.921696	0.017029	452.830170
47	-43.116390	0.005529	805.031433
48	-38.424305	0.010455	150.943390
49	-39.431801	0.008429	603.773560
50	-43.821312	0.005356	452.830170
51	-36.760044	0.012034	352.201263
52	-38.844887	0.010251	251.572327
53	-33.375687	0.019316	150.943390
54	-38.758057	0.010072	251.572327
55	-40.877731	0.007349	704.402527
56	-44.218407	0.005063	855.345886
57	-38.064705	0.010553	654.088013
58	-39.114910	0.009812	150.943390
59	-42.312042	0.006199	905.660339
60	-42.765293	0.005811	352.201263
61	-39.527451	0.007173	1559.748413
62	-44.742130	0.004864	352.201263
63	-42.505520	0.006264	704.402527
64	-40.338993	0.008355	553.459106
65	-40.701187	0.007926	301.886780
66	-44.400352	0.005046	955.974854
67	-40.500343	0.007842	603.773560
68	-39.842136	0.008145	704.402527
69	-41.884033	0.007329	301.886780
70	-37.241661	0.011726	100.628929
71	-45.804005	0.004226	1106.918213
72	-43.957924	0.005285	955.974854
73	-43.027859	0.005874	402.515717
74	-49.671432	0.002618	1559.748413
75	-45.132519	0.004262	1006.289307
76	-46.847626	0.003677	1308.176025
77	-49.244083	0.002834	1459.119507
78	-47.552940	0.003267	2012.578613
79	-47.882145	0.003300	1710.691772
80	-47.081879	0.003788	1308.176025
81	-49.056061	0.002816	1559.748413
82	-47.130997	0.003581	1106.918213
83	-45.875111	0.004144	1106.918213
84	-42.363056	0.006224	1308.176025
85	-41.888489	0.006515	1358.490601
86	-43.439407	0.005951	553.459106
87	-47.096207	0.003487	1610.062866
88	-45.981937	0.004260	805.031433
89	-48.051903	0.003124	2012.578613
90	-44.234013	0.005110	1157.232666
91	-35.075275	0.007867	2415.094238
92	-47.758034	0.003466	1207.547119
93	-48.646915	0.002969	1911.949707
94	-48.865158	0.002706	1962.264160
95	-47.073292	0.003694	1509.433960
96	-45.899117	0.004242	1308.176025
97	-46.031757	0.003888	1710.691772
98	-46.678886	0.003769	1358.490601
99	-44.805916	0.004530	1358.490601
100	-45.969109	0.004218	805.031433
101	-47.775234	0.003385	1660.377319
102	-46.573071	0.003802	1509.433960
103	-36.147812	0.011732	1106.918213
104	-37.886627	0.008650	1911.949707
105	-43.482082	0.005162	2163.521973
106	-43.444717	0.005355	1358.490601
107	-40.241344	0.007113	1006.289307
108	-44.015175	0.005075	1610.062866
109	-44.918835	0.004581	1308.176025
110	-44.349449	0.004670	1710.691772
111	-45.855083	0.004161	1761.006226
112	-45.615261	0.004262	1660.377319
113	-47.069935	0.003789	1157.232666
114	-46.258041	0.003905	1308.176025
115	-45.575558	0.004177	1207.547119
116	-46.403393	0.003799	1509.433960
117	-43.693695	0.004849	1408.805054
118	-44.077690	0.005356	754.716980
119	-45.755951	0.004179	1006.289307
120	-45.142670	0.004486	1056.603760
121	-45.883606	0.004188	553.459106
122	-46.234531	0.003759	905.660339
123	-45.081512	0.004353	955.974854
124	-45.127934	0.004527	1408.805054
125	-45.360104	0.004498	1106.918213
126	-46.340866	0.003958	1106.918213
127	-45.142475	0.004171	1056.603760
128	-43.950233	0.004994	1358.490601
129	-49.285225	0.002855	1559.748413
130	-48.741642	0.002961	1308.176025
131	-43.978546	0.005372	1106.918213
132	-45.715961	0.004282	955.974854
133	-47.042694	0.003594	1459.119507
134	-47.213787	0.003459	1006.289307
135	-47.686649	0.003395	1207.547119
136	-51.255600	0.002248	1911.949707
137	-47.608681	0.003380	1408.805054
138	-48.318600	0.003007	1308.176025
139	-44.918503	0.004709	805.031433
140	-43.582302	0.004968	805.031433
141	-43.109169	0.005733	805.031433
142	-36.325665	0.012618	503.144653
143	-24.173086	0.049385	100.628929
144	-20.439077	0.079925	402.515717
145	-18.413565	0.106980	100.628929
146	-16.370516	0.135699	100.628929
147	-16.736025	0.128040	100.628929
148	-16.814356	0.112842	301.886780
149	-16.603899	0.122651	301.886780
150	-20.875465	0.073346	1157.232666
151	-16.679041	0.116613	1358.490601
152	-18.208275	0.100473	2465.408691
153	-23.218693	0.053547	3773.584961
154	-25.058113	0.047717	402.515717
155	-34.796185	0.015952	251.572327
156	-34.179661	0.019233	0.000000
157	-43.115822	0.005710	704.402527
158	-49.954163	0.002524	1106.918213
159	-44.241329	0.004907	1106.918213
160	-24.461006	0.037793	704.402527
161	-19.667583	0.068471	1056.603760
162	-18.331692	0.085419	301.886780
163	-12.619734	0.179684	352.201263
164	-10.924523	0.224478	251.572327
165	-10.850254	0.214689	352.201263
166	-12.178269	0.174567	301.886780
167	-15.360894	0.131157	301.886780
168	-15.390244	0.139638	251.572327
169	-15.461215	0.142212	201.257858
170	-16.147617	0.130787	201.257858
171	-16.624887	0.123793	201.257858
172	-15.520645	0.138528	201.257858
173	-15.706912	0.131390	301.886780
174	-15.080947	0.144812	100.628929
175	-15.616423	0.139464	100.628929
176	-16.073536	0.132375	301.886780
177	-16.248089	0.130498	150.943390
178	-18.313086	0.102746	201.257858
179	-21.083529	0.069933	402.515717
180	-16.901880	0.123739	100.628929
181	-16.323668	0.126179	402.515717
182	-29.765675	0.026547	1610.062866
183	-24.013165	0.055200	452.830170
184	-24.710926	0.049827	402.515717
185	-23.014671	0.060627	201.257858
186	-18.134941	0.105683	201.257858
187	-16.186039	0.130340	150.943390
188	-15.505568	0.141263	100.628929
189	-15.387964	0.140442	201.257858
190	-14.858138	0.143154	251.572327
191	-14.430637	0.156703	201.257858
192	-15.103142	0.141028	251.572327
193	-16.442604	0.113701	301.886780
194	-16.126301	0.118092	402.515717
195	-16.117952	0.118012	352.201263
196	-14.178178	0.146938	352.201263
197	-15.610213	0.125443	100.628929
198	-16.053694	0.115401	301.886780
199	-15.562781	0.125827	553.459106
200	-16.221844	0.121533	754.716980
201	-17.906092	0.095156	754.716980
202	-18.344509	0.087590	805.031433
203	-15.871825	0.127907	553.459106
204	-15.866554	0.120782	503.144653
205	-14.963674	0.130328	402.515717
206	-13.067411	0.173872	402.515717
207	-14.560288	0.153771	352.201263
208	-15.987949	0.130558	402.515717
209	-15.664344	0.138816	352.201263
210	-16.087475	0.132322	352.201263
211	-15.402349	0.145124	301.886780
212	-17.674557	0.110038	452.830170
213	-22.070978	0.068233	201.257858
214	-30.116148	0.026182	402.515717
215	-29.733995	0.027411	201.257858
216	-36.268509	0.012656	201.257858
217	-33.035488	0.018150	301.886780
218	-38.513287	0.009755	452.830170
219	-31.850183	0.017006	2012.578613
220	-35.088947	0.013087	2515.723145
221	-22.373222	0.061728	855.345886
222	-20.986904	0.078317	100.628929
223	-24.758068	0.039521	603.773560
224	-20.806986	0.069369	352.201263
225	-19.758095	0.089400	100.628929
226	-20.071747	0.090867	100.628929
227	-21.097900	0.077847	100.628929
228	-22.244738	0.069222	100.628929
229	-26.225361	0.043390	100.628929
230	-27.789040	0.033772	301.886780
231	-33.076065	0.018563	503.144653
232	-35.591572	0.013369	704.402527
233	-35.198380	0.015649	150.943390
234	-30.001978	0.021501	704.402527
235	-29.166819	0.026789	3371.069092
236	-31.899921	0.020559	3471.697998
237	-30.471010	0.023947	3672.955811
238	-31.634718	0.021169	3119.496826
239	-36.616291	0.011809	1710.691772
240	-22.426504	0.062313	352.201263
241	-18.266846	0.103643	201.257858
242	-20.262630	0.075542	503.144653
243	-21.182327	0.071694	352.201263
244	-21.799065	0.051435	1006.289307
245	-21.350014	0.076481	301.886780
246	-17.851810	0.094987	754.716980
247	-26.646948	0.040675	603.773560
248	-30.921635	0.022713	1610.062866
249	-35.253220	0.014351	3421.383545
250	-35.368271	0.013729	2767.295654
251	-32.575031	0.018595	3169.811279
252	-32.090862	0.020417	1509.433960
253	-20.518591	0.077592	251.572327
254	-22.670650	0.060233	150.943390
255	-20.356556	0.084548	150.943390
256	-18.901714	0.095350	201.257858
257	-16.741282	0.118007	251.572327
258	-18.341597	0.099226	352.201263
259	-18.067808	0.110253	150.943390
260	-18.730255	0.094780	201.257858
261	-17.677872	0.108973	251.572327
262	-16.007923	0.128352	251.572327
263	-19.641079	0.088384	100.628929
264	-20.167982	0.074394	100.628929
265	-20.147203	0.073445	352.201263
266	-18.438709	0.093699	301.886780
267	-19.463474	0.084358	352.201263
268	-20.789827	0.068014	301.886780
269	-20.384897	0.071166	352.201263
270	-19.015514	0.085901	201.257858
271	-19.650311	0.083508	150.943390
272	-20.286377	0.079769	100.628929
273	-17.070444	0.114719	201.257858
274	-16.829760	0.121233	201.257858
275	-16.765129	0.121558	251.572327
276	-16.898779	0.119038	201.257858
277	-16.493624	0.120948	201.257858
278	-17.934061	0.096615	352.201263
279	-17.733622	0.099992	503.144653
280	-15.871421	0.122075	251.572327
281	-18.799061	0.089844	251.572327
282	-15.711399	0.140778	100.628929
283	-16.927662	0.119769	100.628929
284	-15.676652	0.139331	100.628929
285	-16.294470	0.125392	150.943390
286	-18.061914	0.101395	100.628929
287	-20.540071	0.075999	301.886780
288	-23.058762	0.055626	201.257858
289	-29.749197	0.025871	100.628929
290	-24.211836	0.041664	1056.603760
291	-13.469195	0.153636	503.144653
292	-15.739401	0.130441	100.628929
293	-18.394249	0.093997	201.257858
294	-20.310713	0.071016	452.830170
295	-18.113804	0.101316	201.257858
296	-16.996376	0.117848	352.201263
297	-17.202326	0.110909	352.201263
298	-16.390669	0.127805	201.257858
299	-16.935375	0.118353	201.257858
300	-18.138216	0.102281	352.201263
301	-18.621281	0.096291	301.886780
302	-19.849731	0.085273	352.201263
303	-24.237539	0.048150	452.830170
304	-24.113277	0.054031	301.886780
305	-23.537958	0.055798	150.943390
306	-23.838993	0.049068	754.716980
307	-20.796959	0.078711	201.257858
308	-18.087378	0.116712	0.000000
309	-31.835455	0.022600	251.572327
310	-26.876711	0.041395	100.628929
311	-25.225515	0.050505	0.000000
312	-32.311142	0.020272	1459.119507
313	-32.762024	0.019752	503.144653
314	-36.440868	0.011743	1660.377319
315	-33.849899	0.016154	1660.377319
316	-21.439075	0.065027	553.459106
317	-14.323977	0.162733	352.201263
318	-15.052448	0.149735	301.886780
319	-15.094099	0.144255	402.515717
320	-14.428219	0.164043	201.257858
321	-11.505410	0.221799	352.201263
322	-12.665556	0.187321	603.773560
323	-14.545357	0.156179	301.886780
324	-19.246412	0.079773	1006.289307
325	-20.703032	0.071106	452.830170
326	-16.015371	0.139678	150.943390
327	-21.187403	0.072881	754.716980
328	-23.006083	0.056406	1610.062866
329	-22.152601	0.060846	1207.547119
330	-16.261253	0.131690	603.773560
331	-19.031990	0.089288	2465.408691
332	-23.412321	0.053558	3471.697998
333	-21.204771	0.071619	1962.264160
334	-21.280214	0.069841	2163.521973
335	-25.143120	0.043862	2062.893066
336	-23.438293	0.054627	754.716980
337	-16.225014	0.134554	150.943390
338	-14.945628	0.152307	301.886780
339	-14.568056	0.155243	251.572327
340	-13.590733	0.170707	301.886780
341	-16.909151	0.116660	251.572327
342	-27.026867	0.035332	352.201263
343	-27.639877	0.033528	100.628929
344	-28.427980	0.030896	301.886780
345	-29.905449	0.026060	251.572327
346	-28.626873	0.032439	100.628929
347	-25.500248	0.038994	201.257858
348	-21.186266	0.072751	352.201263
349	-18.896034	0.092066	251.572327
350	-18.980211	0.093812	150.943390
351	-17.942904	0.109990	100.628929
352	-20.148718	0.085610	100.628929
353	-22.252689	0.067248	100.628929
354	-22.408169	0.066799	100.628929
355	-22.543646	0.066114	100.628929
356	-21.898258	0.071316	100.628929
357	-21.949276	0.067958	100.628929
358	-21.159998	0.080264	100.628929
359	-21.002441	0.082006	100.628929
360	-19.011034	0.102031	100.628929
361	-18.656944	0.103716	100.628929
362	-18.633648	0.105328	100.628929
363	-19.632648	0.091917	100.628929
364	-20.434462	0.082509	251.572327
365	-20.444185	0.071786	150.943390
366	-21.329559	0.073866	100.628929
367	-21.585640	0.071760	100.628929
368	-20.932508	0.076435	100.628929
369	-21.144705	0.072005	150.943390
370	-21.406532	0.071273	50.314465
371	-20.746630	0.076918	100.628929
372	-21.908531	0.066879	100.628929
373	-21.470730	0.069974	100.628929
374	-18.389566	0.100426	301.886780
375	-18.148336	0.106131	251.572327
376	-18.859781	0.096504	100.628929
377	-18.957941	0.095181	201.257858
378	-19.794308	0.088746	100.628929
379	-22.247114	0.066900	100.628929
380	-23.341404	0.056635	201.257858
381	-22.856588	0.060005	201.257858
382	-23.279682	0.058757	100.628929
383	-23.478607	0.057964	100.628929
384	-23.584484	0.056632	201.257858
385	-27.132727	0.036980	201.257858
386	-31.928583	0.020581	452.830170
387	-33.677395	0.017249	150.943390
388	-36.846657	0.012020	251.572327
389	-40.950279	0.007702	301.886780
390	-30.091942	0.022176	553.459106
391	-34.799095	0.014384	452.830170
392	-29.988167	0.021305	654.088013
393	-23.771790	0.048691	503.144653
394	-15.954922	0.120558	352.201263
395	-14.678334	0.156459	301.886780
396	-14.809533	0.155682	201.257858
397	-14.402440	0.167845	352.201263
398	-15.014571	0.150799	301.886780
399	-13.949195	0.170371	201.257858
400	-14.903701	0.154943	251.572327
401	-18.378523	0.108811	100.628929
402	-18.533514	0.093314	301.886780
403	-18.174212	0.100438	201.257858
404	-17.205338	0.111920	201.257858
405	-16.851236	0.116685	251.572327
406	-17.164013	0.114973	201.257858
407	-18.211456	0.095187	301.886780
408	-17.963762	0.105884	201.257858
409	-18.026693	0.103446	251.572327
410	-17.515072	0.114084	201.257858
411	-20.244598	0.083964	251.572327
412	-23.578390	0.058408	201.257858
413	-25.779518	0.039893	301.886780
414	-19.432161	0.079137	553.459106
415	-14.300775	0.167234	352.201263
416	-13.476377	0.173293	452.830170
417	-12.488393	0.192106	402.515717
418	-13.450679	0.176288	452.830170
419	-14.856182	0.149488	503.144653
420	-14.288151	0.157715	301.886780
421	-15.588005	0.131631	402.515717
422	-17.148939	0.112016	352.201263
423	-23.309650	0.053516	301.886780
424	-27.695395	0.031965	150.943390
425	-26.401562	0.035301	754.716980
426	-21.280117	0.068543	553.459106
427	-18.546188	0.095682	452.830170
428	-19.008865	0.092076	503.144653
429	-19.167301	0.090710	352.201263
430	-20.057693	0.079700	704.402527
431	-21.738733	0.066459	100.628929
432	-21.684193	0.067249	301.886780
433	-21.528582	0.070245	201.257858
434	-21.590811	0.069913	201.257858
435	-22.064596	0.066279	201.257858
436	-22.184021	0.066532	201.257858
437	-22.032230	0.068586	201.257858
438	-24.320827	0.052975	201.257858
439	-29.649252	0.028235	201.257858
440	-35.734531	0.013905	301.886780
441	-25.505873	0.041093	1358.490601
442	-23.558622	0.054632	452.830170
443	-17.965548	0.099880	251.572327
444	-16.663738	0.123573	352.201263
445	-17.706251	0.111680	352.201263
446	-19.111801	0.095966	301.886780
447	-21.358707	0.073450	301.886780
448	-22.517010	0.064808	301.886780
449	-21.829773	0.065899	503.144653
450	-19.770720	0.089096	301.886780
451	-18.016855	0.106114	402.515717
452	-18.720457	0.094889	402.515717
453	-20.134686	0.083654	301.886780
454	-28.001816	0.033400	100.628929
455	-30.166605	0.027077	150.943390
456	-29.243979	0.028031	201.257858
457	-18.627016	0.085999	452.830170
458	-18.850435	0.098046	201.257858
459	-19.703588	0.086125	503.144653
460	-19.651690	0.089700	201.257858
461	-20.565943	0.079306	402.515717
462	-22.551970	0.062753	301.886780
463	-23.376133	0.057599	201.257858
464	-26.857853	0.037687	150.943390
465	-31.316423	0.022958	201.257858
466	-33.459167	0.017903	402.515717
467	-35.176880	0.014894	301.886780
468	-26.068741	0.033500	352.201263
469	-31.631559	0.020598	855.345886
470	-44.455692	0.005060	654.088013
471	-29.302904	0.024252	905.660339
472	-34.536110	0.015703	603.773560
473	-22.854769	0.057888	201.257858
474	-20.672939	0.080563	201.257858
475	-20.769373	0.076196	301.886780
476	-20.686052	0.079866	352.201263
477	-23.276680	0.059851	150.943390
478	-26.797710	0.037162	150.943390
479	-33.230927	0.018128	402.515717
480	-36.037083	0.011595	955.974854
481	-31.472750	0.018453	3069.182373
482	-30.457926	0.024162	3270.440186
483	-24.313349	0.049569	905.660339
484	-21.525875	0.075811	150.943390
485	-25.422033	0.044281	1006.289307
486	-26.890236	0.038324	50.314465
487	-28.366539	0.037306	0.000000
488	-34.427700	0.014765	603.773560
489	-39.489006	0.009115	553.459106
490	-41.580528	0.006803	1056.603760
491	-34.831715	0.011156	1308.176025
492	-32.475567	0.018991	2415.094238
493	-32.466148	0.019137	1660.377319
494	-27.333666	0.029280	201.257858
495	-23.146406	0.059388	301.886780
496	-23.748714	0.047866	402.515717
497	-30.301487	0.023202	905.660339
498	-46.615784	0.003876	855.345886
499	-48.327686	0.003148	905.660339
500	-50.013763	0.002576	1710.691772
501	-36.907494	0.006631	1006.289307
502	-34.322956	0.011687	1509.433960
503	-25.832014	0.036134	955.974854
504	-18.437841	0.093480	352.201263
505	-15.213268	0.144058	352.201263
506	-14.737505	0.154603	402.515717
507	-16.637529	0.119063	301.886780
508	-18.717621	0.093591	301.886780
509	-22.867310	0.058887	402.515717
510	-26.879034	0.038284	805.031433
511	-30.556475	0.022036	1610.062866
512	-27.998327	0.033786	1509.433960
513	-25.999350	0.041045	905.660339
514	-29.581638	0.023178	905.660339
515	-33.183472	0.017661	301.886780
516	-34.299908	0.015941	402.515717
517	-33.863228	0.017241	201.257858
518	-24.381796	0.046892	1106.918213
519	-19.322735	0.085782	503.144653
520	-17.731304	0.106262	402.515717
521	-18.109194	0.096404	553.459106
522	-18.827662	0.092195	352.201263
523	-18.696438	0.094222	503.144653
524	-19.537209	0.085983	452.830170
525	-20.511387	0.077096	301.886780
526	-20.343058	0.080526	402.515717
527	-20.794008	0.075923	301.886780
528	-19.654888	0.086707	251.572327
529	-18.764273	0.094730	402.515717
530	-18.464960	0.100263	352.201263
531	-18.786268	0.097582	402.515717
532	-18.993319	0.095928	301.886780
533	-19.156019	0.092412	352.201263
534	-19.717321	0.084456	603.773560
535	-18.797449	0.094863	452.830170
536	-18.239700	0.097987	503.144653
537	-18.174505	0.100804	301.886780
538	-17.756533	0.106173	301.886780
539	-17.381691	0.109719	402.515717
540	-17.442884	0.106494	452.830170
541	-16.257021	0.121255	402.515717
542	-15.546453	0.131082	452.830170
543	-14.798866	0.143475	301.886780
544	-13.268666	0.176670	352.201263
545	-12.856164	0.183198	402.515717
546	-12.281514	0.199695	352.201263
547	-11.728018	0.213046	301.886780
548	-10.552535	0.241071	402.515717
549	-12.375913	0.194635	503.144653
550	-13.828592	0.156806	603.773560
551	-14.203010	0.157900	352.201263
552	-16.457703	0.122393	503.144653
553	-21.436836	0.066502	402.515717
554	-22.152355	0.069676	150.943390
555	-23.311121	0.059846	150.943390
556	-29.487530	0.028881	503.144653
557	-21.450855	0.071467	201.257858
558	-30.426521	0.025095	1257.861572
559	-32.905930	0.019567	251.572327
560	-36.780476	0.011884	855.345886
561	-31.334160	0.021290	301.886780
562	-30.540234	0.027418	50.314465
563	-32.095245	0.023238	0.000000
564	-36.767250	0.012741	352.201263
565	-36.361858	0.014463	0.000000
566	-47.138660	0.003629	1157.232666
567	-48.832611	0.002887	1559.748413
568	-46.638206	0.003814	855.345886
569	-47.059875	0.003405	1157.232666
570	-49.283947	0.002717	1308.176025
571	-50.499516	0.002355	2012.578613
572	-46.203419	0.003908	1106.918213
573	-49.123203	0.002802	1559.748413
574	-48.102386	0.003268	1861.635132
575	-35.141430	0.011382	1056.603760
576	-44.752243	0.004514	955.974854
577	-44.276821	0.004622	1006.289307
578	-47.437798	0.003342	1358.490601
579	-41.887775	0.006909	201.257858
580	-46.650005	0.003539	1308.176025
581	-47.022133	0.003766	452.830170
582	-45.456955	0.004392	654.088013
583	-48.078243	0.003175	1056.603760
584	-32.589211	0.017332	452.830170
585	-38.503773	0.010675	352.201263
586	-38.788006	0.009856	150.943390
587	-39.987232	0.007537	1006.289307
588	-33.486252	0.009404	1509.433960
589	-32.182812	0.016701	955.974854
590	-39.934956	0.008686	553.459106
591	-42.042171	0.006762	503.144653
592	-32.068039	0.015329	452.830170
593	-23.726700	0.058168	150.943390
594	-24.046700	0.050175	100.628929
595	-24.571636	0.046734	201.257858
596	-24.760441	0.046993	402.515717
597	-24.435627	0.049541	301.886780
598	-24.861713	0.048858	201.257858
599	-24.449720	0.051073	150.943390
600	-24.190647	0.052728	251.572327
601	-24.432529	0.049913	201.257858
602	-24.170261	0.051570	201.257858
603	-24.821844	0.047439	301.886780
604	-23.968918	0.049627	402.515717
605	-23.675682	0.052393	201.257858
606	-24.571777	0.048650	251.572327
607	-29.704876	0.025819	352.201263
608	-20.880285	0.071539	100.628929
609	-22.061035	0.062836	50.314465
610	-23.740049	0.053898	50.314465
611	-27.657404	0.033725	100.628929
612	-22.963413	0.061451	150.943390
613	-19.753597	0.085567	150.943390
614	-16.174469	0.121261	150.943390
615	-11.895445	0.177002	201.257858
616	-14.525865	0.158031	301.886780
617	-17.202068	0.107956	402.515717
618	-17.629885	0.101603	402.515717
619	-18.978676	0.097879	201.257858
620	-27.450737	0.038353	100.628929
621	-30.010906	0.026448	150.943390
622	-34.752052	0.015906	251.572327
623	-32.984360	0.018703	201.257858
624	-36.646412	0.012131	402.515717
625	-39.575562	0.009162	503.144653
626	-29.983082	0.017116	855.345886
627	-18.662352	0.089011	301.886780
628	-17.159296	0.118277	352.201263
629	-16.180574	0.131144	352.201263
630	-15.796196	0.129764	352.201263
631	-14.931915	0.142219	352.201263
632	-15.959462	0.124812	301.886780
633	-16.102535	0.120710	301.886780
634	-17.065674	0.114464	251.572327
635	-17.773344	0.105434	201.257858
636	-19.623646	0.077503	402.515717
637	-20.334860	0.079713	100.628929
638	-22.409094	0.062682	150.943390
639	-24.521282	0.050941	100.628929
640	-32.391548	0.019481	452.830170
641	-31.156242	0.020452	1207.547119
642	-36.550568	0.010551	2616.352051
643	-36.647499	0.011924	2264.150879
644	-28.521912	0.030351	1559.748413
645	-22.334629	0.059260	654.088013
646	-21.867254	0.076805	0.000000
647	-28.078613	0.030920	805.031433
648	-24.678366	0.049273	251.572327
649	-17.874205	0.103392	251.572327
650	-16.423008	0.120185	301.886780
651	-15.520373	0.128825	402.515717
652	-14.046750	0.168287	402.515717
653	-15.771058	0.140931	402.515717
654	-16.895308	0.123150	402.515717
655	-18.194370	0.103276	352.201263
656	-16.368814	0.123528	553.459106
657	-18.685469	0.091878	603.773560
658	-19.635223	0.084112	503.144653
659	-19.019611	0.092113	402.515717
660	-19.795624	0.081773	402.515717
661	-17.731150	0.107299	452.830170
662	-15.906761	0.131292	402.515717
663	-16.310333	0.125334	402.515717
664	-15.627164	0.134008	402.515717
665	-15.459581	0.138649	402.515717
666	-15.848783	0.128977	402.515717
667	-16.798481	0.117079	301.886780
668	-17.657150	0.101606	402.515717
669	-17.228643	0.108168	402.515717
670	-16.146275	0.124308	301.886780
671	-14.090113	0.153983	402.515717
672	-13.229105	0.174251	402.515717
673	-13.519408	0.172775	301.886780
674	-13.415196	0.170215	301.886780
675	-13.365489	0.172333	402.515717
676	-13.507017	0.172659	301.886780
677	-14.242803	0.168885	301.886780
678	-15.300226	0.141750	201.257858
679	-15.822956	0.134998	201.257858
680	-14.698373	0.150684	201.257858
681	-10.935989	0.224110	452.830170
682	-9.353196	0.275138	402.515717
683	-10.004232	0.257262	452.830170
684	-10.047918	0.259755	402.515717
685	-10.120892	0.255306	402.515717
686	-10.183459	0.250023	402.515717
687	-10.970690	0.233108	402.515717
688	-14.062115	0.159315	402.515717
689	-18.573511	0.096936	251.572327
690	-17.729292	0.108556	201.257858
691	-14.121951	0.145149	301.886780
692	-17.529873	0.105576	201.257858
693	-17.208784	0.108937	201.257858
694	-17.154810	0.112861	201.257858
695	-16.635580	0.119835	201.257858
696	-16.857462	0.112792	201.257858
697	-16.691452	0.110412	251.572327
698	-16.559210	0.118981	201.257858
699	-15.735042	0.127937	201.257858
700	-16.530205	0.115707	251.572327
701	-13.804837	0.151625	654.088013
702	-13.380126	0.158136	452.830170
703	-13.479960	0.169897	301.886780
704	-13.756140	0.157156	452.830170
705	-14.048578	0.152393	452.830170
706	-14.200193	0.153947	402.515717
707	-14.191705	0.153811	402.515717
708	-14.362453	0.149357	402.515717
709	-14.372849	0.149768	301.886780
710	-14.183469	0.156757	352.201263
711	-13.820685	0.167770	301.886780
712	-13.543581	0.172598	301.886780
713	-12.188148	0.202460	402.515717
714	-11.915614	0.209222	402.515717
715	-12.300971	0.201275	452.830170
716	-12.559636	0.195845	402.515717
717	-13.372674	0.178959	402.515717
718	-13.940516	0.166256	402.515717
719	-14.327781	0.162394	402.515717
720	-15.116680	0.144758	503.144653
721	-15.968740	0.128311	452.830170
722	-16.607687	0.119499	352.201263
723	-17.752106	0.103797	503.144653
724	-18.426559	0.095803	301.886780
725	-18.518015	0.094905	301.886780
726	-18.198320	0.097532	402.515717
727	-18.517759	0.093892	402.515717
728	-18.496449	0.096212	402.515717
729	-18.439825	0.096247	301.886780
730	-18.855635	0.092416	301.886780
731	-20.473045	0.078044	251.572327
732	-23.183168	0.053324	201.257858
733	-22.711180	0.057624	301.886780
734	-22.777689	0.057162	301.886780
735	-22.441084	0.061007	201.257858
736	-21.675434	0.062056	251.572327
737	-20.252794	0.077016	503.144653
738	-19.885435	0.079865	503.144653
739	-19.634438	0.084544	301.886780
740	-20.974964	0.071839	503.144653
741	-21.083780	0.066680	301.886780
742	-21.545456	0.064089	301.886780
743	-22.085857	0.064748	100.628929
744	-21.890545	0.062765	301.886780
745	-21.753950	0.063735	251.572327
746	-22.023703	0.061641	201.257858
747	-22.639500	0.058372	201.257858
748	-22.257332	0.058692	402.515717
749	-22.050369	0.063165	352.201263
750	-21.786270	0.065098	201.257858
751	-20.955008	0.070895	150.943390
752	-20.729807	0.072036	201.257858
753	-20.413383	0.074606	301.886780
754	-20.275480	0.075318	251.572327
755	-21.657455	0.064402	251.572327
756	-22.524620	0.058935	201.257858
757	-22.168671	0.063126	251.572327
758	-23.906345	0.051014	402.515717
759	-27.835585	0.029517	201.257858
760	-36.903690	0.010768	603.773560
761	-40.876266	0.007231	654.088013
762	-39.545010	0.008862	553.459106
763	-41.192444	0.007208	452.830170
764	-42.031540	0.006730	402.515717
765	-43.934124	0.005132	1257.861572
766	-44.671093	0.004906	754.716980
767	-29.948902	0.021227	1106.918213
768	-28.349062	0.031187	201.257858
769	-19.511284	0.091767	150.943390
770	-17.229979	0.111879	301.886780
771	-16.394775	0.123417	301.886780
772	-15.541644	0.140425	352.201263
773	-15.332005	0.142726	402.515717
774	-14.706595	0.161857	301.886780
775	-14.333792	0.167213	352.201263
776	-14.114350	0.167575	301.886780
777	-19.063688	0.080558	301.886780
778	-27.730133	0.034976	201.257858
779	-29.228394	0.027166	150.943390
780	-31.842653	0.020317	402.515717
781	-39.785370	0.008108	603.773560
782	-39.191212	0.009555	402.515717
783	-41.696815	0.006459	905.660339
784	-41.668293	0.006651	805.031433
785	-40.179546	0.006553	1106.918213
786	-42.988300	0.005850	754.716980
787	-21.074396	0.066991	503.144653
788	-32.450741	0.018285	754.716980
789	-40.769459	0.007537	855.345886
790	-21.711863	0.060227	603.773560
791	-21.653423	0.057773	603.773560
792	-22.711485	0.056674	452.830170
793	-20.338974	0.071794	704.402527
794	-18.595779	0.096675	301.886780
795	-17.756151	0.105163	301.886780
796	-19.661016	0.082150	402.515717
797	-22.357857	0.061534	301.886780
798	-24.086386	0.049031	352.201263
799	-23.586243	0.051517	402.515717
800	-22.118029	0.062501	301.886780
801	-20.266331	0.081053	201.257858
802	-18.619312	0.101523	201.257858
803	-18.762028	0.094735	301.886780
804	-17.722897	0.105905	301.886780
805	-17.214920	0.102041	301.886780
806	-18.145975	0.091579	301.886780
807	-23.373623	0.060495	50.314465
808	-29.606087	0.024838	402.515717
809	-26.339331	0.037322	603.773560
810	-31.506662	0.022701	1660.377319
811	-39.729607	0.007823	2666.666504
812	-39.445629	0.008434	2817.610107
813	-32.537952	0.020705	1559.748413
814	-31.543886	0.019960	4477.987305
815	-25.956133	0.040086	4830.188477
816	-20.969902	0.074080	1257.861572
817	-14.199781	0.163255	301.886780
818	-23.204662	0.056706	603.773560
819	-13.314151	0.193776	100.628929
820	-14.684435	0.147024	251.572327
821	-19.182714	0.088508	301.886780
822	-19.769981	0.086835	100.628929
823	-25.268402	0.048405	805.031433
824	-23.487610	0.052225	2566.037598
825	-25.980581	0.041185	3169.811279
826	-27.625835	0.033019	2566.037598
827	-31.645880	0.020709	2968.553467
828	-32.143646	0.022405	100.628929
829	-33.752541	0.018229	301.886780
830	-39.037556	0.009613	402.515717
831	-38.768215	0.009591	352.201263
832	-41.386208	0.007092	603.773560
833	-41.787529	0.006939	352.201263
834	-43.310230	0.005501	855.345886
835	-20.883558	0.062067	402.515717
836	-10.827674	0.265484	50.314465
837	-14.776031	0.146972	301.886780
838	-16.740744	0.108710	503.144653
839	-15.331465	0.135790	452.830170
840	-15.928479	0.124533	452.830170
841	-17.398472	0.105631	452.830170
842	-23.985344	0.054075	251.572327
843	-26.832254	0.038169	50.314465
844	-22.547079	0.054396	805.031433
845	-14.239364	0.142260	452.830170
846	-14.815000	0.159070	100.628929
847	-23.657816	0.058577	201.257858
848	-34.543404	0.015300	1710.691772
849	-26.513216	0.043239	603.773560
850	-30.421970	0.025230	4729.559570
851	-27.549179	0.033188	3018.867920
852	-29.287094	0.027711	2062.893066
853	-12.371476	0.185861	251.572327
854	-9.999931	0.244033	301.886780
855	-18.419449	0.085990	352.201263
856	-16.845560	0.113682	301.886780
857	-14.901775	0.150755	301.886780
858	-15.540451	0.140508	301.886780
859	-15.492495	0.144391	301.886780
860	-16.151222	0.136871	352.201263
861	-17.967899	0.108933	251.572327
862	-19.869989	0.079932	352.201263
863	-21.320181	0.063215	352.201263
864	-25.475046	0.040346	805.031433
865	-24.667328	0.041227	150.943390
866	-26.873701	0.037682	201.257858
867	-32.673389	0.017025	352.201263
868	-28.114464	0.032467	201.257858
869	-28.159981	0.030493	201.257858
870	-38.553028	0.009691	603.773560
871	-32.709755	0.020566	100.628929
872	-33.495815	0.018967	301.886780
873	-32.875416	0.020368	100.628929
874	-36.255516	0.013694	201.257858
875	-40.985683	0.007811	402.515717
876	-42.509731	0.006462	402.515717
877	-43.948372	0.005513	301.886780
878	-43.915306	0.005186	805.031433
879	-42.263062	0.006181	1157.232666
880	-46.773254	0.003448	1962.264160
881	-45.018097	0.004510	1660.377319
882	-43.604431	0.005294	1358.490601
883	-42.265816	0.006442	955.974854
884	-44.202309	0.005014	1207.547119
885	-45.372181	0.004336	1559.748413
886	-41.192772	0.006642	1056.603760
887	-33.104225	0.019149	452.830170
888	-37.641441	0.010387	805.031433
889	-47.717911	0.003328	1710.691772
890	-42.599598	0.006060	754.716980
891	-44.936207	0.004507	955.974854
892	-43.776821	0.005161	1408.805054
893	-45.969322	0.003902	1358.490601
894	-42.495667	0.006358	955.974854
895	-42.866417	0.006001	402.515717
896	-45.250805	0.004095	1559.748413
897	-41.316097	0.007326	301.886780
898	-42.049728	0.006526	654.088013
899	-37.780899	0.010598	855.345886
900	-42.269577	0.005939	855.345886
901	-44.263096	0.005091	905.660339
902	-45.130527	0.004437	855.345886
903	-49.524837	0.002694	1207.547119
904	-45.944939	0.003985	805.031433
905	-46.632656	0.003861	905.660339
906	-46.301281	0.004186	855.345886
907	-45.623150	0.004384	603.773560
908	-48.698929	0.002935	1509.433960
909	-48.223549	0.003046	1610.062866
910	-45.650860	0.004333	955.974854
911	-48.643147	0.002957	1811.320679
912	-49.339005	0.002749	1559.748413
913	-46.560436	0.003735	1056.603760
914	-47.394783	0.003490	1006.289307
915	-46.477383	0.003721	1308.176025
916	-47.764824	0.003276	1459.119507
917	-46.937607	0.003531	1459.119507
918	-48.141090	0.003127	1559.748413
919	-48.029427	0.003207	1106.918213
920	-46.144875	0.004256	754.716980
921	-45.165955	0.004628	553.459106
922	-48.822979	0.003001	1157.232666
923	-48.918922	0.002739	1710.691772
924	-48.480946	0.003033	1106.918213
925	-47.394650	0.003535	1459.119507
926	-48.472443	0.003030	1408.805054
927	-46.162766	0.003979	955.974854
928	-46.562920	0.003741	1559.748413
929	-42.737831	0.006003	955.974854
930	-46.449551	0.004087	805.031433
931	-46.096275	0.004143	754.716980
932	-47.811020	0.003306	1408.805054
933	-46.777180	0.003649	1157.232666
934	-48.187668	0.003315	955.974854
935	-47.471436	0.003424	1207.547119
936	-45.207245	0.004548	1006.289307
937	-48.558865	0.003064	1157.232666
938	-45.556953	0.004513	754.716980
939	-47.931293	0.003277	1358.490601
940	-47.846458	0.003181	1459.119507
941	-46.336018	0.003761	1157.232666
942	-45.222050	0.004569	805.031433
943	-46.655216	0.003481	1610.062866
944	-46.156384	0.004034	1257.861572
945	-44.962574	0.004590	1207.547119
946	-49.174114	0.002824	1358.490601
947	-47.773212	0.003159	1459.119507
948	-48.182140	0.003222	1408.805054
949	-47.731010	0.003240	1308.176025
950	-47.072102	0.003655	1157.232666
951	-45.758537	0.004131	503.144653
952	-46.087463	0.004142	704.402527
953	-49.548351	0.002673	1308.176025
954	-47.789185	0.003371	855.345886
955	-44.587421	0.004560	955.974854
956	-46.948650	0.003548	1308.176025
957	-46.979568	0.003649	1056.603760
958	-48.649750	0.002815	1911.949707
959	-47.868591	0.003389	1559.748413
960	-45.645744	0.004354	754.716980
961	-46.828800	0.003851	1056.603760
962	-47.129601	0.003642	1308.176025
963	-49.453373	0.002658	1308.176025
964	-47.747501	0.003242	1207.547119
965	-46.918365	0.003747	855.345886
966	-47.922615	0.003284	955.974854
967	-47.802467	0.003192	1358.490601
968	-49.724705	0.002460	1811.320679
969	-49.431984	0.002601	2213.836426
970	-45.395641	0.004286	855.345886
971	-43.136005	0.005586	704.402527
972	-46.198597	0.004268	955.974854
973	-47.863476	0.003270	1459.119507
974	-49.260975	0.002556	2113.207520
975	-49.050655	0.002697	1861.635132
976	-48.774254	0.002857	1459.119507
977	-48.524834	0.003040	1056.603760
978	-47.341423	0.003563	1358.490601
979	-49.861622	0.002657	1408.805054
980	-47.701511	0.003283	1308.176025
981	-47.226795	0.003439	1257.861572
982	-49.730812	0.002671	1559.748413
983	-46.944786	0.003738	955.974854
984	-51.415421	0.002136	2314.465332
985	-47.746658	0.003223	1308.176025
986	-46.039043	0.004146	1106.918213
987	-47.755177	0.003402	1006.289307
988	-48.811604	0.002777	1610.062866
989	-48.634003	0.003003	1610.062866
990	-45.994606	0.003909	1157.232666
991	-49.632610	0.002683	1408.805054
992	-45.712948	0.003869	1408.805054
993	-47.237095	0.003491	1509.433960
994	-48.045719	0.003152	1106.918213
995	-48.131741	0.002982	1157.232666
996	-44.269535	0.005349	553.459106
997	-48.443417	0.003126	1408.805054
998	-49.822483	0.002674	1408.805054
999	-47.522896	0.003624	1006.289307
1000	-44.390007	0.004350	1157.232666
1001	-48.765171	0.002947	1459.119507
1002	-46.640636	0.003776	1056.603760
1003	-45.886436	0.004261	1056.603760
1004	-50.484177	0.002435	1861.635132
1005	-48.509731	0.003085	1106.918213
1006	-47.891312	0.003214	1257.861572
